RUNTYPE,STARTTIME,ENDTIME,DURATION,SUCCESS,FAILREASON
WARMUP,496238310744738,496238485612529,174867791, 1,N/A
REPETITION,496238485623233,496238532183740,46560507, 1,N/A
REPETITION,496238532188086,496238533660189,1472103, 1,N/A
REPETITION,496238533663827,496238535203109,1539282, 1,N/A
REPETITION,496238535206340,496238540317919,5111579, 1,N/A
REPETITION,496238540321918,496238546206002,5884084, 1,N/A
REPETITION,496238546228865,496238553840039,7611174, 1,N/A
REPETITION,496238553844509,496238558182380,4337871, 1,N/A
REPETITION,496238558187063,496238559499658,1312595, 1,N/A
REPETITION,496238559503637,496238958039969,398536332, 1,N/A
REPETITION,496238958046317,496238959922159,1875842, 1,N/A
REPETITION,496238959925552,496238962020236,2094684, 1,N/A
REPETITION,496238962023943,496238963638617,1614674, 1,N/A
REPETITION,496238963642040,496238965163897,1521857, 1,N/A
REPETITION,496238965166862,496238967041357,1874495, 1,N/A
REPETITION,496238967044807,496238968663449,1618642, 1,N/A
REPETITION,496238968666897,496238970735830,2068933, 1,N/A
REPETITION,496238970739379,496238972110221,1370842, 1,N/A
REPETITION,496238972113747,496238973759418,1645671, 1,N/A
REPETITION,496238973762993,496238975697816,1934823, 1,N/A
REPETITION,496238975701143,496238977141908,1440765, 1,N/A
REPETITION,496238977162610,496238978685953,1523343, 1,N/A
REPETITION,496238978689430,496238980388483,1699053, 1,N/A
REPETITION,496238980391911,496238981971827,1579916, 1,N/A
REPETITION,496238981975377,496238983365387,1390010, 1,N/A
REPETITION,496238983368707,496238985689590,2320883, 1,N/A
REPETITION,496238985693406,496238987600168,1906762, 1,N/A
REPETITION,496238987603602,496238989187171,1583569, 1,N/A
REPETITION,496238989190949,496238991439211,2248262, 1,N/A
REPETITION,496238991442491,496239009471490,18028999, 1,N/A
REPETITION,496239009474976,496239089440196,79965220, 1,N/A
REPETITION,496239089444268,496239107112511,17668243, 1,N/A
REPETITION,496239107116209,496239109728149,2611940, 1,N/A
REPETITION,496239109731847,496239112002481,2270634, 1,N/A
REPETITION,496239112006339,496239128204861,16198522, 1,N/A
REPETITION,496239128208911,496239130652607,2443696, 1,N/A
REPETITION,496239130656293,496239137240586,6584293, 1,N/A
REPETITION,496239137244256,496239138056987,812731, 1,N/A
REPETITION,496239138060098,496239138860253,800155, 1,N/A
REPETITION,496239138862990,496239139678678,815688, 1,N/A
REPETITION,496239139682173,496239140457772,775599, 1,N/A
REPETITION,496239140460351,496239141312368,852017, 1,N/A
REPETITION,496239141315392,496239145506479,4191087, 1,N/A
REPETITION,496239145510954,496239146322080,811126, 1,N/A
REPETITION,496239146325563,496239147222697,897134, 1,N/A
REPETITION,496239147225363,496239148243288,1017925, 1,N/A
REPETITION,496239148246047,496239150529140,2283093, 1,N/A
REPETITION,496239150533196,496239152022378,1489182, 1,N/A
REPETITION,496239152025643,496239153045977,1020334, 1,N/A
REPETITION,496239153049576,496239154197416,1147840, 1,N/A
REPETITION,496239154201473,496239155354191,1152718, 1,N/A
REPETITION,496239155357212,496239156438375,1081163, 1,N/A
REPETITION,496239156454483,496239160785500,4331017, 1,N/A
REPETITION,496239160789823,496239168230036,7440213, 1,N/A
REPETITION,496239168234681,496239171532197,3297516, 1,N/A
REPETITION,496239171536028,496239172414800,878772, 1,N/A
REPETITION,496239172418620,496239173190202,771582, 1,N/A
REPETITION,496239173193787,496239174024628,830841, 1,N/A
REPETITION,496239174031780,496239174762002,730222, 1,N/A
REPETITION,496239174765887,496239175507531,741644, 1,N/A
REPETITION,496239175511016,496239176225949,714933, 1,N/A
REPETITION,496239176229328,496239177116731,887403, 1,N/A
REPETITION,496239177119798,496239177784109,664311, 1,N/A
REPETITION,496239177787760,496239178530590,742830, 1,N/A
REPETITION,496239178533759,496239179180241,646482, 1,N/A
REPETITION,496239179183307,496239179779563,596256, 1,N/A
WARMUP,496240941451150,496240981163352,39712202, 1,N/A
REPETITION,496240981173630,496240982926102,1752472, 1,N/A
REPETITION,496240982929780,496240984495656,1565876, 1,N/A
REPETITION,496240984499406,496240985802856,1303450, 1,N/A
REPETITION,496240985805615,496240987045060,1239445, 1,N/A
REPETITION,496240987047511,496240989041227,1993716, 1,N/A
REPETITION,496240989044093,496240990332340,1288247, 1,N/A
REPETITION,496240990335457,496240991681440,1345983, 1,N/A
REPETITION,496240991684291,496240992756953,1072662, 1,N/A
REPETITION,496240992759901,496241358955766,366195865, 1,N/A
REPETITION,496241358959319,496241363124588,4165269, 1,N/A
REPETITION,496241363128383,496241364901387,1773004, 1,N/A
REPETITION,496241364904987,496241366527212,1622225, 1,N/A
REPETITION,496241366530956,496241368225025,1694069, 1,N/A
REPETITION,496241368228555,496241369957318,1728763, 1,N/A
REPETITION,496241369961816,496241371555486,1593670, 1,N/A
REPETITION,496241371558969,496241372868181,1309212, 1,N/A
REPETITION,496241372871402,496241374313221,1441819, 1,N/A
REPETITION,496241374316842,496241376066967,1750125, 1,N/A
REPETITION,496241376070897,496241379563467,3492570, 1,N/A
REPETITION,496241379567475,496241381199719,1632244, 1,N/A
REPETITION,496241381203416,496241383291897,2088481, 1,N/A
REPETITION,496241383295582,496241384990788,1695206, 1,N/A
REPETITION,496241384998092,496241387030999,2032907, 1,N/A
REPETITION,496241387034711,496241388619315,1584604, 1,N/A
REPETITION,496241388622557,496241390253406,1630849, 1,N/A
REPETITION,496241390256351,496241391797551,1541200, 1,N/A
REPETITION,496241391800503,496241405078328,13277825, 1,N/A
REPETITION,496241405082002,496241507116625,102034623, 1,N/A
REPETITION,496241507120426,496241511391046,4270620, 1,N/A
REPETITION,496241511394953,496241532084120,20689167, 1,N/A
REPETITION,496241532088066,496241533225033,1136967, 1,N/A
REPETITION,496241533228266,496241533920160,691894, 1,N/A
REPETITION,496241533922930,496241534546246,623316, 1,N/A
REPETITION,496241534549046,496241535210067,661021, 1,N/A
REPETITION,496241535212975,496241535842196,629221, 1,N/A
REPETITION,496241535845108,496241536600636,755528, 1,N/A
REPETITION,496241536603882,496241537357120,753238, 1,N/A
REPETITION,496241537360417,496241538213702,853285, 1,N/A
REPETITION,496241538218117,496241539082207,864090, 1,N/A
REPETITION,496241539086428,496241539809765,723337, 1,N/A
REPETITION,496241539812930,496241540470839,657909, 1,N/A
REPETITION,496241540473028,496241541149639,676611, 1,N/A
REPETITION,496241541152332,496241541782029,629697, 1,N/A
REPETITION,496241541784317,496241542399940,615623, 1,N/A
REPETITION,496241542402372,496241543020408,618036, 1,N/A
REPETITION,496241543026843,496241543602598,575755, 1,N/A
REPETITION,496241543604627,496241544299589,694962, 1,N/A
REPETITION,496241544301998,496241545133133,831135, 1,N/A
REPETITION,496241545135517,496241545846070,710553, 1,N/A
REPETITION,496241545848555,496241546573808,725253, 1,N/A
REPETITION,496241546576437,496241547961813,1385376, 1,N/A
REPETITION,496241547971940,496241551317198,3345258, 1,N/A
REPETITION,496241551321429,496241552175066,853637, 1,N/A
REPETITION,496241552178428,496241553103852,925424, 1,N/A
REPETITION,496241553107092,496241553856375,749283, 1,N/A
REPETITION,496241553859033,496241554651110,792077, 1,N/A
REPETITION,496241554653618,496241555326027,672409, 1,N/A
REPETITION,496241555328379,496241556063291,734912, 1,N/A
REPETITION,496241556065598,496241557282763,1217165, 1,N/A
REPETITION,496241557289963,496241558830442,1540479, 1,N/A
REPETITION,496241558834485,496241560160775,1326290, 1,N/A
REPETITION,496241560165502,496241561498595,1333093, 1,N/A
REPETITION,496241561502538,496241563049218,1546680, 1,N/A
REPETITION,496241563057573,496241564357413,1299840, 1,N/A
REPETITION,496241564361786,496241565330032,968246, 1,N/A
WARMUP,496242814233352,496242850256601,36023249, 1,N/A
REPETITION,496242850266379,496242851799137,1532758, 1,N/A
REPETITION,496242851802206,496242853741432,1939226, 1,N/A
REPETITION,496242853744899,496242855307878,1562979, 1,N/A
REPETITION,496242855311938,496242856841061,1529123, 1,N/A
REPETITION,496242856844705,496242858153648,1308943, 1,N/A
REPETITION,496242858157102,496242859600439,1443337, 1,N/A
REPETITION,496242859604117,496242860962579,1358462, 1,N/A
REPETITION,496242860965291,496242862079145,1113854, 1,N/A
REPETITION,496242862082305,496243205677706,343595401, 1,N/A
REPETITION,496243205681586,496243207537172,1855586, 1,N/A
REPETITION,496243207540685,496243208996959,1456274, 1,N/A
REPETITION,496243209000506,496243210502050,1501544, 1,N/A
REPETITION,496243210505311,496243212148390,1643079, 1,N/A
REPETITION,496243212152347,496243213496100,1343753, 1,N/A
REPETITION,496243213499580,496243214821567,1321987, 1,N/A
REPETITION,496243214825499,496243215968188,1142689, 1,N/A
REPETITION,496243215971642,496243217673615,1701973, 1,N/A
REPETITION,496243217677325,496243218946182,1268857, 1,N/A
REPETITION,496243218949837,496243221242457,2292620, 1,N/A
REPETITION,496243221246361,496243223667162,2420801, 1,N/A
REPETITION,496243223670339,496243225765736,2095397, 1,N/A
REPETITION,496243225769159,496243230050119,4280960, 1,N/A
REPETITION,496243230054180,496243231381542,1327362, 1,N/A
REPETITION,496243231384950,496243232869010,1484060, 1,N/A
REPETITION,496243232872378,496243234238918,1366540, 1,N/A
REPETITION,496243234241861,496243235729112,1487251, 1,N/A
REPETITION,496243235733925,496243237178937,1445012, 1,N/A
REPETITION,496243237182111,496243238436388,1254277, 1,N/A
REPETITION,496243238439660,496243239679349,1239689, 1,N/A
REPETITION,496243239682821,496243240804952,1122131, 1,N/A
REPETITION,496243240808558,496243241922650,1114092, 1,N/A
REPETITION,496243241925991,496243243188478,1262487, 1,N/A
REPETITION,496243243194447,496243244170045,975598, 1,N/A
REPETITION,496243244175249,496243245114767,939518, 1,N/A
REPETITION,496243245117620,496243259215519,14097899, 1,N/A
REPETITION,496243259219470,496243263191855,3972385, 1,N/A
REPETITION,496243263195910,496243265772962,2577052, 1,N/A
REPETITION,496243265776782,496243296080840,30304058, 1,N/A
REPETITION,496243296084911,496243306619827,10534916, 1,N/A
REPETITION,496243306631492,496243308449875,1818383, 1,N/A
REPETITION,496243308457592,496243310582302,2124710, 1,N/A
REPETITION,496243310586214,496243316050927,5464713, 1,N/A
REPETITION,496243316054602,496243318234082,2179480, 1,N/A
REPETITION,496243318237406,496243320195385,1957979, 1,N/A
REPETITION,496243320199052,496243321268776,1069724, 1,N/A
REPETITION,496243321272371,496243324385430,3113059, 1,N/A
REPETITION,496243324394495,496243327426985,3032490, 1,N/A
REPETITION,496243327441945,496243329801437,2359492, 1,N/A
REPETITION,496243329805990,496243333520600,3714610, 1,N/A
REPETITION,496243333524829,496243334448520,923691, 1,N/A
REPETITION,496243334451032,496243335336112,885080, 1,N/A
REPETITION,496243335338875,496243336309792,970917, 1,N/A
REPETITION,496243336312555,496243337194471,881916, 1,N/A
REPETITION,496243337198035,496243338081527,883492, 1,N/A
REPETITION,496243338083958,496243338951936,867978, 1,N/A
REPETITION,496243338958700,496243339911341,952641, 1,N/A
REPETITION,496243339914320,496243340886735,972415, 1,N/A
REPETITION,496243340889782,496243341829668,939886, 1,N/A
REPETITION,496243341832259,496243342678935,846676, 1,N/A
REPETITION,496243342681617,496243343426799,745182, 1,N/A
REPETITION,496243343429715,496243344229815,800100, 1,N/A
REPETITION,496243344232830,496243345563557,1330727, 1,N/A
REPETITION,496243345567161,496243346857686,1290525, 1,N/A
REPETITION,496243346861852,496243347780945,919093, 1,N/A
REPETITION,496243347783598,496243348683305,899707, 1,N/A
WARMUP,496245066009059,496245112893996,46884937, 1,N/A
REPETITION,496245112905587,496245115127534,2221947, 1,N/A
REPETITION,496245115131468,496245117529417,2397949, 1,N/A
REPETITION,496245117533119,496245119493254,1960135, 1,N/A
REPETITION,496245119496772,496245121263898,1767126, 1,N/A
REPETITION,496245121267345,496245122953647,1686302, 1,N/A
REPETITION,496245122957832,496245124858407,1900575, 1,N/A
REPETITION,496245124862284,496245126753411,1891127, 1,N/A
REPETITION,496245126757456,496245128669867,1912411, 1,N/A
REPETITION,496245128673452,496245536394896,407721444, 1,N/A
REPETITION,496245536399244,496245548798446,12399202, 1,N/A
REPETITION,496245549438958,496245553484114,4045156, 1,N/A
REPETITION,496245553487940,496245556020084,2532144, 1,N/A
REPETITION,496245556023748,496245558383854,2360106, 1,N/A
REPETITION,496245558387884,496245562978978,4591094, 1,N/A
REPETITION,496245562982724,496245565208506,2225782, 1,N/A
REPETITION,496245565211957,496245573428907,8216950, 1,N/A
REPETITION,496245573432651,496245580391231,6958580, 1,N/A
REPETITION,496245580395117,496245581491480,1096363, 1,N/A
REPETITION,496245581495129,496245582521095,1025966, 1,N/A
REPETITION,496245582524409,496245583757546,1233137, 1,N/A
REPETITION,496245583761417,496245584741954,980537, 1,N/A
REPETITION,496245584746217,496245589064450,4318233, 1,N/A
REPETITION,496245589069734,496245590266574,1196840, 1,N/A
REPETITION,496245590270097,496245591514991,1244894, 1,N/A
REPETITION,496245591518601,496245592776178,1257577, 1,N/A
REPETITION,496245592779457,496245593871714,1092257, 1,N/A
REPETITION,496245593873980,496245594928559,1054579, 1,N/A
REPETITION,496245594930906,496245596011929,1081023, 1,N/A
REPETITION,496245596014291,496245596973257,958966, 1,N/A
REPETITION,496245596975514,496245597967520,992006, 1,N/A
REPETITION,496245597973851,496245599231740,1257889, 1,N/A
REPETITION,496245599234234,496245600598218,1363984, 1,N/A
REPETITION,496245600600695,496245601911818,1311123, 1,N/A
REPETITION,496245601914165,496245602834690,920525, 1,N/A
REPETITION,496245602836996,496245604072727,1235731, 1,N/A
REPETITION,496245604075907,496245605522258,1446351, 1,N/A
REPETITION,496245605525836,496245606982435,1456599, 1,N/A
REPETITION,496245606985698,496245609145065,2159367, 1,N/A
REPETITION,496245609155616,496245614164094,5008478, 1,N/A
REPETITION,496245614174458,496245616447154,2272696, 1,N/A
REPETITION,496245616456499,496245619912720,3456221, 1,N/A
REPETITION,496245619927765,496245621746191,1818426, 1,N/A
REPETITION,496245621750085,496245622952938,1202853, 1,N/A
REPETITION,496245622956617,496245623920810,964193, 1,N/A
REPETITION,496245623923640,496245624898975,975335, 1,N/A
REPETITION,496245624901929,496245625779861,877932, 1,N/A
REPETITION,496245625782648,496245626623929,841281, 1,N/A
REPETITION,496245626626094,496245627440165,814071, 1,N/A
REPETITION,496245627442131,496245628259188,817057, 1,N/A
REPETITION,496245628262337,496245629050909,788572, 1,N/A
REPETITION,496245629053224,496245629842670,789446, 1,N/A
REPETITION,496245629845764,496245630689315,843551, 1,N/A
REPETITION,496245630692324,496245631510689,818365, 1,N/A
REPETITION,496245631513557,496245678116054,46602497, 1,N/A
REPETITION,496245678119451,496245683607860,5488409, 1,N/A
REPETITION,496245683611920,496245684862637,1250717, 1,N/A
REPETITION,496245684866290,496245686005189,1138899, 1,N/A
REPETITION,496245686008708,496245687115606,1106898, 1,N/A
REPETITION,496245687119011,496245689375608,2256597, 1,N/A
REPETITION,496245689380189,496245692412951,3032762, 1,N/A
REPETITION,496245692424144,496245700699476,8275332, 1,N/A
REPETITION,496245700717215,496245704589305,3872090, 1,N/A
REPETITION,496245704593866,496245706071034,1477168, 1,N/A
REPETITION,496245706073900,496245706972256,898356, 1,N/A
REPETITION,496245706975105,496245707848491,873386, 1,N/A
WARMUP,496247475268483,496247518126478,42857995, 1,N/A
REPETITION,496247518136637,496247520578519,2441882, 1,N/A
REPETITION,496247520582288,496247522343856,1761568, 1,N/A
REPETITION,496247522347695,496247524879880,2532185, 1,N/A
REPETITION,496247524884115,496247526951418,2067303, 1,N/A
REPETITION,496247526955239,496247528290963,1335724, 1,N/A
REPETITION,496247528294066,496247529860610,1566544, 1,N/A
REPETITION,496247529863257,496247531758129,1894872, 1,N/A
REPETITION,496247531762057,496247533387135,1625078, 1,N/A
REPETITION,496247533390453,496248004123547,470733094, 1,N/A
REPETITION,496248004127779,496248011562029,7434250, 1,N/A
REPETITION,496248011565819,496248013496218,1930399, 1,N/A
REPETITION,496248013500410,496248015440985,1940575, 1,N/A
REPETITION,496248015444364,496248017317343,1872979, 1,N/A
REPETITION,496248017321144,496248019673938,2352794, 1,N/A
REPETITION,496248019677589,496248021513077,1835488, 1,N/A
REPETITION,496248021516487,496248025257384,3740897, 1,N/A
REPETITION,496248025261174,496248029133314,3872140, 1,N/A
REPETITION,496248029137434,496248031427898,2290464, 1,N/A
REPETITION,496248031431871,496248033241420,1809549, 1,N/A
REPETITION,496248033245143,496248034946119,1700976, 1,N/A
REPETITION,496248034949755,496248036680144,1730389, 1,N/A
REPETITION,496248036682587,496248040150098,3467511, 1,N/A
REPETITION,496248040154021,496248062419630,22265609, 1,N/A
REPETITION,496248062423340,496248064417905,1994565, 1,N/A
REPETITION,496248064421728,496248065921028,1499300, 1,N/A
REPETITION,496248065924927,496248067451933,1527006, 1,N/A
REPETITION,496248067488429,496248068833261,1344832, 1,N/A
REPETITION,496248068836218,496248070305337,1469119, 1,N/A
REPETITION,496248070308397,496248071968075,1659678, 1,N/A
REPETITION,496248071971609,496248114482179,42510570, 1,N/A
REPETITION,496248114485895,496248116060224,1574329, 1,N/A
REPETITION,496248116063226,496248117644060,1580834, 1,N/A
REPETITION,496248117647035,496248119222830,1575795, 1,N/A
REPETITION,496248119226296,496248120928934,1702638, 1,N/A
REPETITION,496248120932354,496248167544279,46611925, 1,N/A
REPETITION,496248167548608,496248170174268,2625660, 1,N/A
REPETITION,496248170177955,496248189570695,19392740, 1,N/A
REPETITION,496248189574290,496248190587753,1013463, 1,N/A
REPETITION,496248190592136,496248191625280,1033144, 1,N/A
REPETITION,496248191629372,496248192712148,1082776, 1,N/A
REPETITION,496248192715271,496248193595648,880377, 1,N/A
REPETITION,496248193601778,496248195314629,1712851, 1,N/A
REPETITION,496248195317705,496248197074466,1756761, 1,N/A
REPETITION,496248197083811,496248198669530,1585719, 1,N/A
REPETITION,496248198675060,496248200377943,1702883, 1,N/A
REPETITION,496248200386860,496248201732749,1345889, 1,N/A
REPETITION,496248201737771,496248214589560,12851789, 1,N/A
REPETITION,496248214593691,496248218274668,3680977, 1,N/A
REPETITION,496248218279210,496248224616790,6337580, 1,N/A
REPETITION,496248224621259,496248228896581,4275322, 1,N/A
REPETITION,496248228900528,496248229906650,1006122, 1,N/A
REPETITION,496248229909023,496248231296274,1387251, 1,N/A
REPETITION,496248231299779,496248232160595,860816, 1,N/A
REPETITION,496248232164058,496248233088355,924297, 1,N/A
REPETITION,496248233091346,496248233952165,860819, 1,N/A
REPETITION,496248233955210,496248234789328,834118, 1,N/A
REPETITION,496248234795686,496248235753198,957512, 1,N/A
REPETITION,496248235755493,496248237305691,1550198, 1,N/A
REPETITION,496248237308659,496248238373720,1065061, 1,N/A
REPETITION,496248238376728,496248239706254,1329526, 1,N/A
REPETITION,496248239709526,496248241325539,1616013, 1,N/A
REPETITION,496248241329115,496248243670719,2341604, 1,N/A
REPETITION,496248243679168,496248248361723,4682555, 1,N/A
REPETITION,496248248369700,496248251946563,3576863, 1,N/A
REPETITION,496248251959109,496248256396206,4437097, 1,N/A
WARMUP,496249635538646,496249689022596,53483950, 1,N/A
REPETITION,496249689033647,496249691448265,2414618, 1,N/A
REPETITION,496249691452296,496249693147844,1695548, 1,N/A
REPETITION,496249693151647,496249694537548,1385901, 1,N/A
REPETITION,496249694541157,496249696241375,1700218, 1,N/A
REPETITION,496249696244945,496249697595148,1350203, 1,N/A
REPETITION,496249697598473,496249698808698,1210225, 1,N/A
REPETITION,496249698812045,496249700241445,1429400, 1,N/A
REPETITION,496249700245073,496249701380589,1135516, 1,N/A
REPETITION,496249701383890,496250090665459,389281569, 1,N/A
REPETITION,496250090669219,496250091938919,1269700, 1,N/A
REPETITION,496250091942493,496250093202553,1260060, 1,N/A
REPETITION,496250093206110,496250094278178,1072068, 1,N/A
REPETITION,496250094281118,496250095924928,1643810, 1,N/A
REPETITION,496250095929017,496250097657725,1728708, 1,N/A
REPETITION,496250097661266,496250098740730,1079464, 1,N/A
REPETITION,496250098745703,496250099715037,969334, 1,N/A
REPETITION,496250099718704,496250100850970,1132266, 1,N/A
REPETITION,496250100855016,496250101975449,1120433, 1,N/A
REPETITION,496250101979233,496250102770843,791610, 1,N/A
REPETITION,496250102773395,496250103902670,1129275, 1,N/A
REPETITION,496250103905907,496250104965788,1059881, 1,N/A
REPETITION,496250104968879,496250105825699,856820, 1,N/A
REPETITION,496250105829340,496250106683030,853690, 1,N/A
REPETITION,496250106686679,496250107430812,744133, 1,N/A
REPETITION,496250107434054,496250108325153,891099, 1,N/A
REPETITION,496250108328934,496250109396529,1067595, 1,N/A
REPETITION,496250109399706,496250110226656,826950, 1,N/A
REPETITION,496250110229997,496250111010400,780403, 1,N/A
REPETITION,496250111013475,496250112570135,1556660, 1,N/A
REPETITION,496250112574044,496250113572637,998593, 1,N/A
REPETITION,496250113576379,496250114900618,1324239, 1,N/A
REPETITION,496250114904499,496250116026848,1122349, 1,N/A
REPETITION,496250116030710,496250117032579,1001869, 1,N/A
REPETITION,496250117036489,496250118504418,1467929, 1,N/A
REPETITION,496250118508048,496250119747910,1239862, 1,N/A
REPETITION,496250119751425,496250120516939,765514, 1,N/A
REPETITION,496250120520778,496250121292926,772148, 1,N/A
REPETITION,496250121296356,496250122356683,1060327, 1,N/A
REPETITION,496250122360164,496250123785525,1425361, 1,N/A
REPETITION,496250123793427,496250124458545,665118, 1,N/A
REPETITION,496250124462110,496250125187260,725150, 1,N/A
REPETITION,496250125192748,496250126014068,821320, 1,N/A
REPETITION,496250126017470,496250126734945,717475, 1,N/A
REPETITION,496250126738287,496250127415768,677481, 1,N/A
REPETITION,496250127418815,496250128118939,700124, 1,N/A
REPETITION,496250128122354,496250132186903,4064549, 1,N/A
REPETITION,496250132190734,496250133015818,825084, 1,N/A
REPETITION,496250133020156,496250133679467,659311, 1,N/A
REPETITION,496250133683247,496250134511250,828003, 1,N/A
REPETITION,496250134515190,496250135224909,709719, 1,N/A
REPETITION,496250135228646,496250135941430,712784, 1,N/A
REPETITION,496250135945165,496250136676950,731785, 1,N/A
REPETITION,496250136680703,496250137366387,685684, 1,N/A
REPETITION,496250137369637,496250138017094,647457, 1,N/A
REPETITION,496250138020914,496250143081679,5060765, 1,N/A
REPETITION,496250143085557,496250143789318,703761, 1,N/A
REPETITION,496250143792297,496250144353427,561130, 1,N/A
REPETITION,496250144355864,496250144896155,540291, 1,N/A
REPETITION,496250144898964,496250145680260,781296, 1,N/A
REPETITION,496250145684065,496250146835500,1151435, 1,N/A
REPETITION,496250146839405,496250147428517,589112, 1,N/A
REPETITION,496250147431278,496250148048485,617207, 1,N/A
REPETITION,496250148051828,496250148994700,942872, 1,N/A
REPETITION,496250148997775,496250149541806,544031, 1,N/A
REPETITION,496250149544790,496250150103489,558699, 1,N/A
WARMUP,496251695735450,496251728478724,32743274, 1,N/A
REPETITION,496251728489699,496251730319455,1829756, 1,N/A
REPETITION,496251730323527,496251731816209,1492682, 1,N/A
REPETITION,496251731819880,496251733056145,1236265, 1,N/A
REPETITION,496251733058513,496251734402262,1343749, 1,N/A
REPETITION,496251734404715,496251735758923,1354208, 1,N/A
REPETITION,496251735761280,496251736930644,1169364, 1,N/A
REPETITION,496251736933119,496251738145854,1212735, 1,N/A
REPETITION,496251738148122,496251739434779,1286657, 1,N/A
REPETITION,496251739437560,496252081947868,342510308, 1,N/A
REPETITION,496252081951426,496252084287634,2336208, 1,N/A
REPETITION,496252084291774,496252087385089,3093315, 1,N/A
REPETITION,496252087388648,496252088429514,1040866, 1,N/A
REPETITION,496252088431956,496252089299718,867762, 1,N/A
REPETITION,496252089301792,496252090141406,839614, 1,N/A
REPETITION,496252090143288,496252091172823,1029535, 1,N/A
REPETITION,496252091175102,496252092432552,1257450, 1,N/A
REPETITION,496252092435934,496252093486762,1050828, 1,N/A
REPETITION,496252093490173,496252094465302,975129, 1,N/A
REPETITION,496252094468634,496252095453230,984596, 1,N/A
REPETITION,496252095456650,496252096302816,846166, 1,N/A
REPETITION,496252096306003,496252097863469,1557466, 1,N/A
REPETITION,496252097866776,496252098698886,832110, 1,N/A
REPETITION,496252098702122,496252099521729,819607, 1,N/A
REPETITION,496252099525008,496252100336898,811890, 1,N/A
REPETITION,496252100340003,496252101161855,821852, 1,N/A
REPETITION,496252101165253,496252101961556,796303, 1,N/A
REPETITION,496252101964784,496252102906102,941318, 1,N/A
REPETITION,496252102909424,496252104077309,1167885, 1,N/A
REPETITION,496252104081150,496252105066784,985634, 1,N/A
REPETITION,496252105070246,496252105847103,776857, 1,N/A
REPETITION,496252105850596,496252106654843,804247, 1,N/A
REPETITION,496252106657979,496252107378549,720570, 1,N/A
REPETITION,496252107381816,496252108218664,836848, 1,N/A
REPETITION,496252108221470,496252109701926,1480456, 1,N/A
REPETITION,496252109705159,496252111117780,1412621, 1,N/A
REPETITION,496252111121660,496252112130130,1008470, 1,N/A
REPETITION,496252112133826,496252113262830,1129004, 1,N/A
REPETITION,496252113266068,496252114381019,1114951, 1,N/A
REPETITION,496252114384172,496252115530435,1146263, 1,N/A
REPETITION,496252115533520,496252116729630,1196110, 1,N/A
REPETITION,496252116733333,496252117913030,1179697, 1,N/A
REPETITION,496252117916662,496252118959360,1042698, 1,N/A
REPETITION,496252118962853,496252120029224,1066371, 1,N/A
REPETITION,496252120032798,496252124245858,4213060, 1,N/A
REPETITION,496252124249682,496252125817933,1568251, 1,N/A
REPETITION,496252125821939,496252128299765,2477826, 1,N/A
REPETITION,496252128303668,496252130771019,2467351, 1,N/A
REPETITION,496252130775136,496252132722256,1947120, 1,N/A
REPETITION,496252132726142,496252137181235,4455093, 1,N/A
REPETITION,496252137193883,496252138638222,1444339, 1,N/A
REPETITION,496252138641303,496252139901200,1259897, 1,N/A
REPETITION,496252139905313,496252141495688,1590375, 1,N/A
REPETITION,496252141499244,496252144455326,2956082, 1,N/A
REPETITION,496252144459192,496252150020495,5561303, 1,N/A
REPETITION,496252150035426,496252155031788,4996362, 1,N/A
REPETITION,496252155043418,496252159361540,4318122, 1,N/A
REPETITION,496252159365972,496252160252252,886280, 1,N/A
REPETITION,496252160256032,496252160995449,739417, 1,N/A
REPETITION,496252160998873,496252161691682,692809, 1,N/A
REPETITION,496252161694955,496252164953634,3258679, 1,N/A
REPETITION,496252164958068,496252166055030,1096962, 1,N/A
REPETITION,496252166059378,496252167177022,1117644, 1,N/A
REPETITION,496252167180495,496252168606938,1426443, 1,N/A
REPETITION,496252168610320,496252169551103,940783, 1,N/A
REPETITION,496252169554734,496252170561349,1006615, 1,N/A
WARMUP,496253606626189,496253640742576,34116387, 1,N/A
REPETITION,496253640753082,496253642330045,1576963, 1,N/A
REPETITION,496253642333654,496253643834266,1500612, 1,N/A
REPETITION,496253643837855,496253645191074,1353219, 1,N/A
REPETITION,496253645194295,496253646564608,1370313, 1,N/A
REPETITION,496253646569148,496253647919786,1350638, 1,N/A
REPETITION,496253647923637,496253649128276,1204639, 1,N/A
REPETITION,496253649131708,496253650429715,1298007, 1,N/A
REPETITION,496253650432279,496253651480224,1047945, 1,N/A
REPETITION,496253651483212,496254029353215,377870003, 1,N/A
REPETITION,496254029356809,496254031205066,1848257, 1,N/A
REPETITION,496254031209433,496254032281214,1071781, 1,N/A
REPETITION,496254032285077,496254033209516,924439, 1,N/A
REPETITION,496254033212775,496254034125784,913009, 1,N/A
REPETITION,496254034129323,496254035598513,1469190, 1,N/A
REPETITION,496254035602198,496254037473535,1871337, 1,N/A
REPETITION,496254037477169,496254038822047,1344878, 1,N/A
REPETITION,496254038825757,496254040585817,1760060, 1,N/A
REPETITION,496254040589244,496254042217085,1627841, 1,N/A
REPETITION,496254042220853,496254044454557,2233704, 1,N/A
REPETITION,496254044458469,496254045816119,1357650, 1,N/A
REPETITION,496254045819803,496254046988629,1168826, 1,N/A
REPETITION,496254046991514,496254048164728,1173214, 1,N/A
REPETITION,496254048167578,496254049369173,1201595, 1,N/A
REPETITION,496254049372729,496254050369958,997229, 1,N/A
REPETITION,496254050373444,496254051985133,1611689, 1,N/A
REPETITION,496254051989327,496254053048588,1059261, 1,N/A
REPETITION,496254053052145,496254054088826,1036681, 1,N/A
REPETITION,496254054091832,496254055259627,1167795, 1,N/A
REPETITION,496254055262959,496254056425036,1162077, 1,N/A
REPETITION,496254056428572,496254057516975,1088403, 1,N/A
REPETITION,496254057520848,496254058888245,1367397, 1,N/A
REPETITION,496254058891596,496254060274943,1383347, 1,N/A
REPETITION,496254060278735,496254061470817,1192082, 1,N/A
REPETITION,496254061475005,496254063465904,1990899, 1,N/A
REPETITION,496254063469934,496254064480276,1010342, 1,N/A
REPETITION,496254064483818,496254065356356,872538, 1,N/A
REPETITION,496254065360077,496254066167973,807896, 1,N/A
REPETITION,496254066171593,496254067408533,1236940, 1,N/A
REPETITION,496254067411908,496254068469754,1057846, 1,N/A
REPETITION,496254068473097,496254069691655,1218558, 1,N/A
REPETITION,496254069695317,496254070752955,1057638, 1,N/A
REPETITION,496254070758142,496254072036109,1277967, 1,N/A
REPETITION,496254072039686,496254073300748,1261062, 1,N/A
REPETITION,496254073304356,496254074443594,1139238, 1,N/A
REPETITION,496254074447085,496254075797802,1350717, 1,N/A
REPETITION,496254075804916,496254076924424,1119508, 1,N/A
REPETITION,496254076927948,496254078005769,1077821, 1,N/A
REPETITION,496254078009392,496254079089283,1079891, 1,N/A
REPETITION,496254079092873,496254080916606,1823733, 1,N/A
REPETITION,496254080920397,496254082767678,1847281, 1,N/A
REPETITION,496254082771787,496254087315851,4544064, 1,N/A
REPETITION,496254087321607,496254088308903,987296, 1,N/A
REPETITION,496254088310883,496254089541148,1230265, 1,N/A
REPETITION,496254089543688,496254090522997,979309, 1,N/A
REPETITION,496254090526039,496254091548286,1022247, 1,N/A
REPETITION,496254091551718,496254092892115,1340397, 1,N/A
REPETITION,496254092902288,496254094862762,1960474, 1,N/A
REPETITION,496254094866336,496254097824707,2958371, 1,N/A
REPETITION,496254097842225,496254101305825,3463600, 1,N/A
REPETITION,496254101310307,496254103561675,2251368, 1,N/A
REPETITION,496254103568558,496254107208504,3639946, 1,N/A
REPETITION,496254107221262,496254109083544,1862282, 1,N/A
REPETITION,496254109087703,496254110663326,1575623, 1,N/A
REPETITION,496254110666759,496254111512786,846027, 1,N/A
REPETITION,496254111515327,496254112508305,992978, 1,N/A
WARMUP,496255324589759,496255364567672,39977913, 1,N/A
REPETITION,496255364578324,496255366309701,1731377, 1,N/A
REPETITION,496255366314294,496255367787737,1473443, 1,N/A
REPETITION,496255367979026,496255369389554,1410528, 1,N/A
REPETITION,496255369393411,496255370846831,1453420, 1,N/A
REPETITION,496255370850621,496255372247993,1397372, 1,N/A
REPETITION,496255372252238,496255373664021,1411783, 1,N/A
REPETITION,496255373668076,496255374962284,1294208, 1,N/A
REPETITION,496255374966116,496255376083121,1117005, 1,N/A
REPETITION,496255376086809,496255967081687,590994878, 1,N/A
REPETITION,496255967086172,496256057528072,90441900, 1,N/A
REPETITION,496256057533221,496256089431522,31898301, 1,N/A
REPETITION,496256089435592,496256096738599,7303007, 1,N/A
REPETITION,496256096742297,496256097991349,1249052, 1,N/A
REPETITION,496256097994672,496256099817692,1823020, 1,N/A
REPETITION,496256099821912,496256111699587,11877675, 1,N/A
REPETITION,496256111704098,496256113461737,1757639, 1,N/A
REPETITION,496256113465727,496256123071309,9605582, 1,N/A
REPETITION,496256123089863,496256131827585,8737722, 1,N/A
REPETITION,496256131834275,496256133668674,1834399, 1,N/A
REPETITION,496256133673737,496256134710333,1036596, 1,N/A
REPETITION,496256134714392,496256135725247,1010855, 1,N/A
REPETITION,496256135728876,496256136705744,976868, 1,N/A
REPETITION,496256136709763,496256137731962,1022199, 1,N/A
REPETITION,496256137736229,496256138694602,958373, 1,N/A
REPETITION,496256138698306,496256139679804,981498, 1,N/A
REPETITION,496256139683675,496256140671971,988296, 1,N/A
REPETITION,496256140675347,496256141655974,980627, 1,N/A
REPETITION,496256141659466,496256144323220,2663754, 1,N/A
REPETITION,496256144327365,496256145763760,1436395, 1,N/A
REPETITION,496256145768029,496256146934816,1166787, 1,N/A
REPETITION,496256146937794,496256147854003,916209, 1,N/A
REPETITION,496256147856679,496256148814651,957972, 1,N/A
REPETITION,496256148818289,496256152921387,4103098, 1,N/A
REPETITION,496256152925721,496256154831983,1906262, 1,N/A
REPETITION,496256154836395,496256155962362,1125967, 1,N/A
REPETITION,496256155966602,496256157185812,1219210, 1,N/A
REPETITION,496256157188487,496256158290656,1102169, 1,N/A
REPETITION,496256158293451,496256159968749,1675298, 1,N/A
REPETITION,496256159972553,496256161489571,1517018, 1,N/A
REPETITION,496256161493428,496256162770166,1276738, 1,N/A
REPETITION,496256162773936,496256165800291,3026355, 1,N/A
REPETITION,496256165814297,496256170490479,4676182, 1,N/A
REPETITION,496256170498647,496256176520328,6021681, 1,N/A
REPETITION,496256176524512,496256177618111,1093599, 1,N/A
REPETITION,496256177622053,496256179057232,1435179, 1,N/A
REPETITION,496256179062488,496256184998743,5936255, 1,N/A
REPETITION,496256185002736,496256186379279,1376543, 1,N/A
REPETITION,496256186384272,496256187574143,1189871, 1,N/A
REPETITION,496256187578143,496256189571054,1992911, 1,N/A
REPETITION,496256189581587,496256193653497,4071910, 1,N/A
REPETITION,496256193657335,496256195282333,1624998, 1,N/A
REPETITION,496256195286636,496256199358334,4071698, 1,N/A
REPETITION,496256199382554,496256200720616,1338062, 1,N/A
REPETITION,496256200724676,496256202618829,1894153, 1,N/A
REPETITION,496256202633019,496256206543961,3910942, 1,N/A
REPETITION,496256206554550,496256211003920,4449370, 1,N/A
REPETITION,496256211021810,496256217012444,5990634, 1,N/A
REPETITION,496256217017786,496256220937564,3919778, 1,N/A
REPETITION,496256220953770,496256289348112,68394342, 1,N/A
REPETITION,496256289352258,496256291266494,1914236, 1,N/A
REPETITION,496256291270622,496256310152010,18881388, 1,N/A
REPETITION,496256310156297,496256311058217,901920, 1,N/A
REPETITION,496256311061410,496256330281994,19220584, 1,N/A
REPETITION,496256330285788,496256333088074,2802286, 1,N/A
REPETITION,496256333091521,496256333963395,871874, 1,N/A
WARMUP,496257763651425,496257800770838,37119413, 1,N/A
REPETITION,496257800780811,496257802385391,1604580, 1,N/A
REPETITION,496257802389287,496257803855148,1465861, 1,N/A
REPETITION,496257803859232,496257805192417,1333185, 1,N/A
REPETITION,496257805195978,496257806760418,1564440, 1,N/A
REPETITION,496257806764127,496257808010504,1246377, 1,N/A
REPETITION,496257808013595,496257809375046,1361451, 1,N/A
REPETITION,496257809378336,496257810577515,1199179, 1,N/A
REPETITION,496257810580995,496257811754026,1173031, 1,N/A
REPETITION,496257811757248,496258183394787,371637539, 1,N/A
REPETITION,496258183398662,496258185856535,2457873, 1,N/A
REPETITION,496258185860937,496258188123874,2262937, 1,N/A
REPETITION,496258188127554,496258190613562,2486008, 1,N/A
REPETITION,496258190617578,496258192526467,1908889, 1,N/A
REPETITION,496258192530374,496258193741442,1211068, 1,N/A
REPETITION,496258193745085,496258195951157,2206072, 1,N/A
REPETITION,496258195955733,496258197436486,1480753, 1,N/A
REPETITION,496258197439587,496258198804443,1364856, 1,N/A
REPETITION,496258198807520,496258200744982,1937462, 1,N/A
REPETITION,496258200748665,496258202587857,1839192, 1,N/A
REPETITION,496258202591568,496258204327644,1736076, 1,N/A
REPETITION,496258204331487,496258209001597,4670110, 1,N/A
REPETITION,496258209005498,496258212247673,3242175, 1,N/A
REPETITION,496258212251490,496258213776994,1525504, 1,N/A
REPETITION,496258213780554,496258215378998,1598444, 1,N/A
REPETITION,496258215382674,496258217574673,2191999, 1,N/A
REPETITION,496258217579060,496258309635628,92056568, 1,N/A
REPETITION,496258309639863,496258311399700,1759837, 1,N/A
REPETITION,496258311403354,496258314563287,3159933, 1,N/A
REPETITION,496258314567235,496258316674393,2107158, 1,N/A
REPETITION,496258316685113,496258319754973,3069860, 1,N/A
REPETITION,496258319758416,496258321810787,2052371, 1,N/A
REPETITION,496258321814591,496258323879014,2064423, 1,N/A
REPETITION,496258323889226,496258325407275,1518049, 1,N/A
REPETITION,496258325415667,496258330454258,5038591, 1,N/A
REPETITION,496258330458371,496258332007986,1549615, 1,N/A
REPETITION,496258332012065,496258333662541,1650476, 1,N/A
REPETITION,496258333666041,496258335512705,1846664, 1,N/A
REPETITION,496258335516861,496258336507297,990436, 1,N/A
REPETITION,496258336511334,496258337514951,1003617, 1,N/A
REPETITION,496258337518616,496258338478886,960270, 1,N/A
REPETITION,496258338482541,496258339706648,1224107, 1,N/A
REPETITION,496258339710066,496258340551811,841745, 1,N/A
REPETITION,496258340554850,496258341308756,753906, 1,N/A
REPETITION,496258341311148,496258342057026,745878, 1,N/A
REPETITION,496258342059141,496258343132751,1073610, 1,N/A
REPETITION,496258343135510,496258344736517,1601007, 1,N/A
REPETITION,496258344740611,496258345550018,809407, 1,N/A
REPETITION,496258345552598,496258346571143,1018545, 1,N/A
REPETITION,496258346575581,496258347318676,743095, 1,N/A
REPETITION,496258347321470,496258348033745,712275, 1,N/A
REPETITION,496258348036186,496258348748755,712569, 1,N/A
REPETITION,496258348751206,496258349443745,692539, 1,N/A
REPETITION,496258349446653,496258350163906,717253, 1,N/A
REPETITION,496258350166067,496258352960965,2794898, 1,N/A
REPETITION,496258352967818,496258354088131,1120313, 1,N/A
REPETITION,496258354091981,496258355208751,1116770, 1,N/A
REPETITION,496258355212885,496258356092853,879968, 1,N/A
REPETITION,496258356097338,496258356938553,841215, 1,N/A
REPETITION,496258356942164,496258366763804,9821640, 1,N/A
REPETITION,496258366768101,496258372605003,5836902, 1,N/A
REPETITION,496258372609256,496258374943498,2334242, 1,N/A
REPETITION,496258374947875,496258388208101,13260226, 1,N/A
REPETITION,496258388221863,496258391726178,3504315, 1,N/A
REPETITION,496258391742706,496258395242376,3499670, 1,N/A
REPETITION,496258395246869,496258398496238,3249369, 1,N/A
